0,243
0,386
0,534
0,472
10,294
10,106
10,126
10,20
10,130
10,164
9,2
8,16
8,4
8,6
8,12
2,2
2,1
2,3
170,3
170,2
170,1
170,0
169,3
169,2
169,1
169,0
168,3
168,2
168,1
168,0
167,4
167,3
167,2
167,1
167,0
28,3
28,2
28,1
28,0
25,3
25,1
20,3
20,2
20,1
19,3
19,2
19,1
18,3
18,1
14,3
14,1
13,3
13,1
12,3
12,2
12,1
11,28
11,27
11,26
11,25
11,24
11,23
11,22
11,21
11,20
11,19
11,17
11,14
11,13
11,12
11,10
11,9
11,7
11,5
11,4
11,3
11,2
11,1
10,297
10,296
10,295
10,293
10,292
10,283
10,243
10,206
10,202
10,199
10,189
10,169
10,156
10,145
10,133
10,125
10,118
10,111
10,107
10,96
10,79
10,22
10,7
10,3
10,2
10,1
9,7
9,6
9,5
9,1
9,4
9,3
8,8
8,7
8,1
8,5
